{
 "cells": [
  {
   "cell_type": "markdown",
   "metadata": {},
   "source": [
    "# Analysis of Time Based Metrics\n",
    "\n",
    "## Setup"
   ]
  },
  {
   "cell_type": "code",
   "execution_count": 3,
   "metadata": {
    "collapsed": true
   },
   "outputs": [],
   "source": [
    "import os\n",
    "import sys\n",
    "from collections import defaultdict\n",
    "\n",
    "%matplotlib inline\n",
    "import matplotlib.pyplot as plt\n",
    "import numpy as np\n",
    "import pandas as pd\n",
    "os.chdir('/users/dane/src/datatools/ipy/notebooks/pt/dev/')\n",
    "sys.path.append('/users/dane/src/datatools/analytics/')\n"
   ]
  },
  {
   "cell_type": "code",
   "execution_count": 34,
   "metadata": {
    "collapsed": true
   },
   "outputs": [],
   "source": [
    "import pylab\n",
    "pylab.rcParams['figure.figsize'] = (14,10)\n",
    "\n",
    "# setup lists\n",
    "m_int = [11002, 4352, 4367, 12277, 12976, 12169, 10701, 12006, 12172, 12152, 4058, 8876,\n",
    "         11017, 3954, 8901, 11993, 6569, 3959\n",
    "]\n",
    "start_build = '8786.01'"
   ]
  },
  {
   "cell_type": "code",
   "execution_count": 5,
   "metadata": {},
   "outputs": [],
   "source": [
    "import django\n",
    "os.environ.setdefault(\"DJANGO_SETTINGS_MODULE\", \"analytics.settings\")\n",
    "django.setup()\n",
    "\n",
    "import pertest.util\n",
    "from pertest.util import *"
   ]
  },
  {
   "cell_type": "markdown",
   "metadata": {},
   "source": [
    "## x"
   ]
  },
  {
   "cell_type": "code",
   "execution_count": 35,
   "metadata": {},
   "outputs": [
    {
     "data": {
      "text/html": [
       "<div>\n",
       "<style>\n",
       "    .dataframe thead tr:only-child th {\n",
       "        text-align: right;\n",
       "    }\n",
       "\n",
       "    .dataframe thead th {\n",
       "        text-align: left;\n",
       "    }\n",
       "\n",
       "    .dataframe tbody tr th {\n",
       "        vertical-align: top;\n",
       "    }\n",
       "</style>\n",
       "<table border=\"1\" class=\"dataframe\">\n",
       "  <thead>\n",
       "    <tr style=\"text-align: right;\">\n",
       "      <th></th>\n",
       "      <th>m_id</th>\n",
       "      <th>m_name</th>\n",
       "      <th>test_case</th>\n",
       "      <th>cseq</th>\n",
       "      <th>mean</th>\n",
       "      <th>upper</th>\n",
       "      <th>lower</th>\n",
       "      <th>meas_type</th>\n",
       "      <th>m_value</th>\n",
       "      <th>t_value</th>\n",
       "      <th>passed</th>\n",
       "      <th>build</th>\n",
       "      <th>seq</th>\n",
       "      <th>t_id</th>\n",
       "      <th>exception</th>\n",
       "    </tr>\n",
       "  </thead>\n",
       "  <tbody>\n",
       "    <tr>\n",
       "      <th>0</th>\n",
       "      <td>4367</td>\n",
       "      <td>AxPerf:All$T</td>\n",
       "      <td>ground_with_cutouts@base_16</td>\n",
       "      <td>0</td>\n",
       "      <td>15.178833</td>\n",
       "      <td>0.194307</td>\n",
       "      <td>0.455365</td>\n",
       "      <td>MEAN_ABS</td>\n",
       "      <td>None</td>\n",
       "      <td>15.146700</td>\n",
       "      <td>1</td>\n",
       "      <td>8759.10</td>\n",
       "      <td>0</td>\n",
       "      <td>3980846</td>\n",
       "      <td>0</td>\n",
       "    </tr>\n",
       "    <tr>\n",
       "      <th>1</th>\n",
       "      <td>3959</td>\n",
       "      <td>DesEnv:Time(s)$T</td>\n",
       "      <td>tt18234_MMIC_SPDT_Switch_10GHz@sim_time</td>\n",
       "      <td>0</td>\n",
       "      <td>2.546354</td>\n",
       "      <td>0.202411</td>\n",
       "      <td>0.263871</td>\n",
       "      <td>MEAN_ABS</td>\n",
       "      <td>None</td>\n",
       "      <td>3.019531</td>\n",
       "      <td>0</td>\n",
       "      <td>8759.10</td>\n",
       "      <td>0</td>\n",
       "      <td>3981943</td>\n",
       "      <td>0</td>\n",
       "    </tr>\n",
       "    <tr>\n",
       "      <th>2</th>\n",
       "      <td>4352</td>\n",
       "      <td>AxPerf:Total_Exe$T</td>\n",
       "      <td>ground_with_cutouts@base_16</td>\n",
       "      <td>0</td>\n",
       "      <td>15.223800</td>\n",
       "      <td>0.194100</td>\n",
       "      <td>0.456714</td>\n",
       "      <td>MEAN_ABS</td>\n",
       "      <td>None</td>\n",
       "      <td>15.193600</td>\n",
       "      <td>1</td>\n",
       "      <td>8759.10</td>\n",
       "      <td>0</td>\n",
       "      <td>3982345</td>\n",
       "      <td>0</td>\n",
       "    </tr>\n",
       "    <tr>\n",
       "      <th>3</th>\n",
       "      <td>4367</td>\n",
       "      <td>AxPerf:All$T</td>\n",
       "      <td>ground_with_cutouts@base_16</td>\n",
       "      <td>0</td>\n",
       "      <td>15.178833</td>\n",
       "      <td>0.194307</td>\n",
       "      <td>0.455365</td>\n",
       "      <td>MEAN_ABS</td>\n",
       "      <td>None</td>\n",
       "      <td>15.146700</td>\n",
       "      <td>1</td>\n",
       "      <td>8759.10</td>\n",
       "      <td>0</td>\n",
       "      <td>3982333</td>\n",
       "      <td>0</td>\n",
       "    </tr>\n",
       "    <tr>\n",
       "      <th>4</th>\n",
       "      <td>3954</td>\n",
       "      <td>DesEnv:Time(s)$T</td>\n",
       "      <td>AWR_DRC_25x25@drc_time</td>\n",
       "      <td>0</td>\n",
       "      <td>16.380151</td>\n",
       "      <td>0.116014</td>\n",
       "      <td>0.491405</td>\n",
       "      <td>MEAN_ABS</td>\n",
       "      <td>None</td>\n",
       "      <td>16.378906</td>\n",
       "      <td>1</td>\n",
       "      <td>8759.10</td>\n",
       "      <td>0</td>\n",
       "      <td>3981938</td>\n",
       "      <td>0</td>\n",
       "    </tr>\n",
       "  </tbody>\n",
       "</table>\n",
       "</div>"
      ],
      "text/plain": [
       "   m_id              m_name                                test_case  cseq  \\\n",
       "0  4367        AxPerf:All$T              ground_with_cutouts@base_16     0   \n",
       "1  3959    DesEnv:Time(s)$T  tt18234_MMIC_SPDT_Switch_10GHz@sim_time     0   \n",
       "2  4352  AxPerf:Total_Exe$T              ground_with_cutouts@base_16     0   \n",
       "3  4367        AxPerf:All$T              ground_with_cutouts@base_16     0   \n",
       "4  3954    DesEnv:Time(s)$T                   AWR_DRC_25x25@drc_time     0   \n",
       "\n",
       "        mean     upper     lower meas_type m_value    t_value  passed  \\\n",
       "0  15.178833  0.194307  0.455365  MEAN_ABS    None  15.146700       1   \n",
       "1   2.546354  0.202411  0.263871  MEAN_ABS    None   3.019531       0   \n",
       "2  15.223800  0.194100  0.456714  MEAN_ABS    None  15.193600       1   \n",
       "3  15.178833  0.194307  0.455365  MEAN_ABS    None  15.146700       1   \n",
       "4  16.380151  0.116014  0.491405  MEAN_ABS    None  16.378906       1   \n",
       "\n",
       "     build  seq     t_id  exception  \n",
       "0  8759.10    0  3980846          0  \n",
       "1  8759.10    0  3981943          0  \n",
       "2  8759.10    0  3982345          0  \n",
       "3  8759.10    0  3982333          0  \n",
       "4  8759.10    0  3981938          0  "
      ]
     },
     "execution_count": 35,
     "metadata": {},
     "output_type": "execute_result"
    }
   ],
   "source": [
    "df = get_df_db(m_int)\n",
    "df.head()"
   ]
  },
  {
   "cell_type": "code",
   "execution_count": 36,
   "metadata": {},
   "outputs": [],
   "source": [
    "wide = pd.pivot_table(df, index='build', columns='m_id', values='t_value')"
   ]
  },
  {
   "cell_type": "code",
   "execution_count": 37,
   "metadata": {},
   "outputs": [
    {
     "data": {
      "text/html": [
       "<div>\n",
       "<style>\n",
       "    .dataframe thead tr:only-child th {\n",
       "        text-align: right;\n",
       "    }\n",
       "\n",
       "    .dataframe thead th {\n",
       "        text-align: left;\n",
       "    }\n",
       "\n",
       "    .dataframe tbody tr th {\n",
       "        vertical-align: top;\n",
       "    }\n",
       "</style>\n",
       "<table border=\"1\" class=\"dataframe\">\n",
       "  <thead>\n",
       "    <tr style=\"text-align: right;\">\n",
       "      <th>m_id</th>\n",
       "      <th>3954</th>\n",
       "      <th>3959</th>\n",
       "      <th>4058</th>\n",
       "      <th>4352</th>\n",
       "      <th>4367</th>\n",
       "      <th>6569</th>\n",
       "      <th>8876</th>\n",
       "      <th>8901</th>\n",
       "      <th>10701</th>\n",
       "      <th>11002</th>\n",
       "      <th>11017</th>\n",
       "      <th>11993</th>\n",
       "      <th>12006</th>\n",
       "      <th>12152</th>\n",
       "      <th>12169</th>\n",
       "      <th>12172</th>\n",
       "      <th>12277</th>\n",
       "      <th>12976</th>\n",
       "    </tr>\n",
       "    <tr>\n",
       "      <th>m_id</th>\n",
       "      <th></th>\n",
       "      <th></th>\n",
       "      <th></th>\n",
       "      <th></th>\n",
       "      <th></th>\n",
       "      <th></th>\n",
       "      <th></th>\n",
       "      <th></th>\n",
       "      <th></th>\n",
       "      <th></th>\n",
       "      <th></th>\n",
       "      <th></th>\n",
       "      <th></th>\n",
       "      <th></th>\n",
       "      <th></th>\n",
       "      <th></th>\n",
       "      <th></th>\n",
       "      <th></th>\n",
       "    </tr>\n",
       "  </thead>\n",
       "  <tbody>\n",
       "    <tr>\n",
       "      <th>3954</th>\n",
       "      <td>1.000000</td>\n",
       "      <td>0.054811</td>\n",
       "      <td>-0.057813</td>\n",
       "      <td>0.033441</td>\n",
       "      <td>0.033623</td>\n",
       "      <td>-0.016657</td>\n",
       "      <td>-0.027405</td>\n",
       "      <td>-0.031896</td>\n",
       "      <td>-0.072615</td>\n",
       "      <td>0.046835</td>\n",
       "      <td>0.054925</td>\n",
       "      <td>-0.110142</td>\n",
       "      <td>0.073649</td>\n",
       "      <td>0.231471</td>\n",
       "      <td>0.246944</td>\n",
       "      <td>0.248369</td>\n",
       "      <td>0.023080</td>\n",
       "      <td>0.057313</td>\n",
       "    </tr>\n",
       "    <tr>\n",
       "      <th>3959</th>\n",
       "      <td>0.054811</td>\n",
       "      <td>1.000000</td>\n",
       "      <td>0.187684</td>\n",
       "      <td>0.067714</td>\n",
       "      <td>0.065916</td>\n",
       "      <td>0.055162</td>\n",
       "      <td>0.095210</td>\n",
       "      <td>0.002455</td>\n",
       "      <td>0.029560</td>\n",
       "      <td>0.297443</td>\n",
       "      <td>0.292643</td>\n",
       "      <td>0.059497</td>\n",
       "      <td>0.051923</td>\n",
       "      <td>0.009733</td>\n",
       "      <td>-0.013961</td>\n",
       "      <td>-0.017475</td>\n",
       "      <td>0.204328</td>\n",
       "      <td>0.064608</td>\n",
       "    </tr>\n",
       "    <tr>\n",
       "      <th>4058</th>\n",
       "      <td>-0.057813</td>\n",
       "      <td>0.187684</td>\n",
       "      <td>1.000000</td>\n",
       "      <td>0.011173</td>\n",
       "      <td>0.006779</td>\n",
       "      <td>-0.005082</td>\n",
       "      <td>0.100103</td>\n",
       "      <td>-0.004358</td>\n",
       "      <td>0.102359</td>\n",
       "      <td>0.373456</td>\n",
       "      <td>0.338105</td>\n",
       "      <td>0.132226</td>\n",
       "      <td>0.034906</td>\n",
       "      <td>0.108474</td>\n",
       "      <td>0.033175</td>\n",
       "      <td>0.030554</td>\n",
       "      <td>0.424791</td>\n",
       "      <td>0.033728</td>\n",
       "    </tr>\n",
       "    <tr>\n",
       "      <th>4352</th>\n",
       "      <td>0.033441</td>\n",
       "      <td>0.067714</td>\n",
       "      <td>0.011173</td>\n",
       "      <td>1.000000</td>\n",
       "      <td>0.999975</td>\n",
       "      <td>0.138405</td>\n",
       "      <td>0.042813</td>\n",
       "      <td>0.046093</td>\n",
       "      <td>0.014121</td>\n",
       "      <td>0.085307</td>\n",
       "      <td>0.087768</td>\n",
       "      <td>-0.025422</td>\n",
       "      <td>-0.089978</td>\n",
       "      <td>0.002229</td>\n",
       "      <td>-0.001870</td>\n",
       "      <td>-0.002861</td>\n",
       "      <td>0.176207</td>\n",
       "      <td>0.091915</td>\n",
       "    </tr>\n",
       "    <tr>\n",
       "      <th>4367</th>\n",
       "      <td>0.033623</td>\n",
       "      <td>0.065916</td>\n",
       "      <td>0.006779</td>\n",
       "      <td>0.999975</td>\n",
       "      <td>1.000000</td>\n",
       "      <td>0.138060</td>\n",
       "      <td>0.042240</td>\n",
       "      <td>0.045219</td>\n",
       "      <td>0.013323</td>\n",
       "      <td>0.081230</td>\n",
       "      <td>0.084013</td>\n",
       "      <td>-0.026130</td>\n",
       "      <td>-0.090486</td>\n",
       "      <td>0.001003</td>\n",
       "      <td>-0.002495</td>\n",
       "      <td>-0.003483</td>\n",
       "      <td>0.172994</td>\n",
       "      <td>0.091497</td>\n",
       "    </tr>\n",
       "    <tr>\n",
       "      <th>6569</th>\n",
       "      <td>-0.016657</td>\n",
       "      <td>0.055162</td>\n",
       "      <td>-0.005082</td>\n",
       "      <td>0.138405</td>\n",
       "      <td>0.138060</td>\n",
       "      <td>1.000000</td>\n",
       "      <td>0.085797</td>\n",
       "      <td>0.055338</td>\n",
       "      <td>0.001743</td>\n",
       "      <td>0.154915</td>\n",
       "      <td>0.155664</td>\n",
       "      <td>-0.025508</td>\n",
       "      <td>0.028746</td>\n",
       "      <td>0.069485</td>\n",
       "      <td>0.052862</td>\n",
       "      <td>0.050104</td>\n",
       "      <td>0.073573</td>\n",
       "      <td>-0.027608</td>\n",
       "    </tr>\n",
       "    <tr>\n",
       "      <th>8876</th>\n",
       "      <td>-0.027405</td>\n",
       "      <td>0.095210</td>\n",
       "      <td>0.100103</td>\n",
       "      <td>0.042813</td>\n",
       "      <td>0.042240</td>\n",
       "      <td>0.085797</td>\n",
       "      <td>1.000000</td>\n",
       "      <td>0.250455</td>\n",
       "      <td>0.036856</td>\n",
       "      <td>0.140142</td>\n",
       "      <td>0.138226</td>\n",
       "      <td>-0.155482</td>\n",
       "      <td>-0.083715</td>\n",
       "      <td>-0.040506</td>\n",
       "      <td>-0.065055</td>\n",
       "      <td>-0.067478</td>\n",
       "      <td>0.115503</td>\n",
       "      <td>-0.088717</td>\n",
       "    </tr>\n",
       "    <tr>\n",
       "      <th>8901</th>\n",
       "      <td>-0.031896</td>\n",
       "      <td>0.002455</td>\n",
       "      <td>-0.004358</td>\n",
       "      <td>0.046093</td>\n",
       "      <td>0.045219</td>\n",
       "      <td>0.055338</td>\n",
       "      <td>0.250455</td>\n",
       "      <td>1.000000</td>\n",
       "      <td>0.007795</td>\n",
       "      <td>0.192566</td>\n",
       "      <td>0.191786</td>\n",
       "      <td>-0.113009</td>\n",
       "      <td>-0.146794</td>\n",
       "      <td>0.040087</td>\n",
       "      <td>0.015077</td>\n",
       "      <td>0.012731</td>\n",
       "      <td>0.055218</td>\n",
       "      <td>-0.061368</td>\n",
       "    </tr>\n",
       "    <tr>\n",
       "      <th>10701</th>\n",
       "      <td>-0.072615</td>\n",
       "      <td>0.029560</td>\n",
       "      <td>0.102359</td>\n",
       "      <td>0.014121</td>\n",
       "      <td>0.013323</td>\n",
       "      <td>0.001743</td>\n",
       "      <td>0.036856</td>\n",
       "      <td>0.007795</td>\n",
       "      <td>1.000000</td>\n",
       "      <td>0.040250</td>\n",
       "      <td>0.037011</td>\n",
       "      <td>-0.049084</td>\n",
       "      <td>0.019345</td>\n",
       "      <td>0.018339</td>\n",
       "      <td>0.013147</td>\n",
       "      <td>0.014959</td>\n",
       "      <td>0.019771</td>\n",
       "      <td>0.052546</td>\n",
       "    </tr>\n",
       "    <tr>\n",
       "      <th>11002</th>\n",
       "      <td>0.046835</td>\n",
       "      <td>0.297443</td>\n",
       "      <td>0.373456</td>\n",
       "      <td>0.085307</td>\n",
       "      <td>0.081230</td>\n",
       "      <td>0.154915</td>\n",
       "      <td>0.140142</td>\n",
       "      <td>0.192566</td>\n",
       "      <td>0.040250</td>\n",
       "      <td>1.000000</td>\n",
       "      <td>0.997784</td>\n",
       "      <td>0.046117</td>\n",
       "      <td>0.008294</td>\n",
       "      <td>0.099946</td>\n",
       "      <td>0.036988</td>\n",
       "      <td>0.034874</td>\n",
       "      <td>0.584295</td>\n",
       "      <td>0.155201</td>\n",
       "    </tr>\n",
       "    <tr>\n",
       "      <th>11017</th>\n",
       "      <td>0.054925</td>\n",
       "      <td>0.292643</td>\n",
       "      <td>0.338105</td>\n",
       "      <td>0.087768</td>\n",
       "      <td>0.084013</td>\n",
       "      <td>0.155664</td>\n",
       "      <td>0.138226</td>\n",
       "      <td>0.191786</td>\n",
       "      <td>0.037011</td>\n",
       "      <td>0.997784</td>\n",
       "      <td>1.000000</td>\n",
       "      <td>0.038338</td>\n",
       "      <td>0.003489</td>\n",
       "      <td>0.093641</td>\n",
       "      <td>0.035643</td>\n",
       "      <td>0.033506</td>\n",
       "      <td>0.574050</td>\n",
       "      <td>0.158809</td>\n",
       "    </tr>\n",
       "    <tr>\n",
       "      <th>11993</th>\n",
       "      <td>-0.110142</td>\n",
       "      <td>0.059497</td>\n",
       "      <td>0.132226</td>\n",
       "      <td>-0.025422</td>\n",
       "      <td>-0.026130</td>\n",
       "      <td>-0.025508</td>\n",
       "      <td>-0.155482</td>\n",
       "      <td>-0.113009</td>\n",
       "      <td>-0.049084</td>\n",
       "      <td>0.046117</td>\n",
       "      <td>0.038338</td>\n",
       "      <td>1.000000</td>\n",
       "      <td>-0.014066</td>\n",
       "      <td>-0.010252</td>\n",
       "      <td>-0.016626</td>\n",
       "      <td>-0.013241</td>\n",
       "      <td>0.012842</td>\n",
       "      <td>-0.011417</td>\n",
       "    </tr>\n",
       "    <tr>\n",
       "      <th>12006</th>\n",
       "      <td>0.073649</td>\n",
       "      <td>0.051923</td>\n",
       "      <td>0.034906</td>\n",
       "      <td>-0.089978</td>\n",
       "      <td>-0.090486</td>\n",
       "      <td>0.028746</td>\n",
       "      <td>-0.083715</td>\n",
       "      <td>-0.146794</td>\n",
       "      <td>0.019345</td>\n",
       "      <td>0.008294</td>\n",
       "      <td>0.003489</td>\n",
       "      <td>-0.014066</td>\n",
       "      <td>1.000000</td>\n",
       "      <td>0.033371</td>\n",
       "      <td>0.025551</td>\n",
       "      <td>0.033828</td>\n",
       "      <td>-0.018070</td>\n",
       "      <td>0.093953</td>\n",
       "    </tr>\n",
       "    <tr>\n",
       "      <th>12152</th>\n",
       "      <td>0.231471</td>\n",
       "      <td>0.009733</td>\n",
       "      <td>0.108474</td>\n",
       "      <td>0.002229</td>\n",
       "      <td>0.001003</td>\n",
       "      <td>0.069485</td>\n",
       "      <td>-0.040506</td>\n",
       "      <td>0.040087</td>\n",
       "      <td>0.018339</td>\n",
       "      <td>0.099946</td>\n",
       "      <td>0.093641</td>\n",
       "      <td>-0.010252</td>\n",
       "      <td>0.033371</td>\n",
       "      <td>1.000000</td>\n",
       "      <td>0.989856</td>\n",
       "      <td>0.988042</td>\n",
       "      <td>0.102520</td>\n",
       "      <td>0.030969</td>\n",
       "    </tr>\n",
       "    <tr>\n",
       "      <th>12169</th>\n",
       "      <td>0.246944</td>\n",
       "      <td>-0.013961</td>\n",
       "      <td>0.033175</td>\n",
       "      <td>-0.001870</td>\n",
       "      <td>-0.002495</td>\n",
       "      <td>0.052862</td>\n",
       "      <td>-0.065055</td>\n",
       "      <td>0.015077</td>\n",
       "      <td>0.013147</td>\n",
       "      <td>0.036988</td>\n",
       "      <td>0.035643</td>\n",
       "      <td>-0.016626</td>\n",
       "      <td>0.025551</td>\n",
       "      <td>0.989856</td>\n",
       "      <td>1.000000</td>\n",
       "      <td>0.998655</td>\n",
       "      <td>0.048705</td>\n",
       "      <td>0.028378</td>\n",
       "    </tr>\n",
       "    <tr>\n",
       "      <th>12172</th>\n",
       "      <td>0.248369</td>\n",
       "      <td>-0.017475</td>\n",
       "      <td>0.030554</td>\n",
       "      <td>-0.002861</td>\n",
       "      <td>-0.003483</td>\n",
       "      <td>0.050104</td>\n",
       "      <td>-0.067478</td>\n",
       "      <td>0.012731</td>\n",
       "      <td>0.014959</td>\n",
       "      <td>0.034874</td>\n",
       "      <td>0.033506</td>\n",
       "      <td>-0.013241</td>\n",
       "      <td>0.033828</td>\n",
       "      <td>0.988042</td>\n",
       "      <td>0.998655</td>\n",
       "      <td>1.000000</td>\n",
       "      <td>0.043506</td>\n",
       "      <td>0.027827</td>\n",
       "    </tr>\n",
       "    <tr>\n",
       "      <th>12277</th>\n",
       "      <td>0.023080</td>\n",
       "      <td>0.204328</td>\n",
       "      <td>0.424791</td>\n",
       "      <td>0.176207</td>\n",
       "      <td>0.172994</td>\n",
       "      <td>0.073573</td>\n",
       "      <td>0.115503</td>\n",
       "      <td>0.055218</td>\n",
       "      <td>0.019771</td>\n",
       "      <td>0.584295</td>\n",
       "      <td>0.574050</td>\n",
       "      <td>0.012842</td>\n",
       "      <td>-0.018070</td>\n",
       "      <td>0.102520</td>\n",
       "      <td>0.048705</td>\n",
       "      <td>0.043506</td>\n",
       "      <td>1.000000</td>\n",
       "      <td>0.156111</td>\n",
       "    </tr>\n",
       "    <tr>\n",
       "      <th>12976</th>\n",
       "      <td>0.057313</td>\n",
       "      <td>0.064608</td>\n",
       "      <td>0.033728</td>\n",
       "      <td>0.091915</td>\n",
       "      <td>0.091497</td>\n",
       "      <td>-0.027608</td>\n",
       "      <td>-0.088717</td>\n",
       "      <td>-0.061368</td>\n",
       "      <td>0.052546</td>\n",
       "      <td>0.155201</td>\n",
       "      <td>0.158809</td>\n",
       "      <td>-0.011417</td>\n",
       "      <td>0.093953</td>\n",
       "      <td>0.030969</td>\n",
       "      <td>0.028378</td>\n",
       "      <td>0.027827</td>\n",
       "      <td>0.156111</td>\n",
       "      <td>1.000000</td>\n",
       "    </tr>\n",
       "  </tbody>\n",
       "</table>\n",
       "</div>"
      ],
      "text/plain": [
       "m_id      3954      3959      4058      4352      4367      6569      8876   \\\n",
       "m_id                                                                          \n",
       "3954   1.000000  0.054811 -0.057813  0.033441  0.033623 -0.016657 -0.027405   \n",
       "3959   0.054811  1.000000  0.187684  0.067714  0.065916  0.055162  0.095210   \n",
       "4058  -0.057813  0.187684  1.000000  0.011173  0.006779 -0.005082  0.100103   \n",
       "4352   0.033441  0.067714  0.011173  1.000000  0.999975  0.138405  0.042813   \n",
       "4367   0.033623  0.065916  0.006779  0.999975  1.000000  0.138060  0.042240   \n",
       "6569  -0.016657  0.055162 -0.005082  0.138405  0.138060  1.000000  0.085797   \n",
       "8876  -0.027405  0.095210  0.100103  0.042813  0.042240  0.085797  1.000000   \n",
       "8901  -0.031896  0.002455 -0.004358  0.046093  0.045219  0.055338  0.250455   \n",
       "10701 -0.072615  0.029560  0.102359  0.014121  0.013323  0.001743  0.036856   \n",
       "11002  0.046835  0.297443  0.373456  0.085307  0.081230  0.154915  0.140142   \n",
       "11017  0.054925  0.292643  0.338105  0.087768  0.084013  0.155664  0.138226   \n",
       "11993 -0.110142  0.059497  0.132226 -0.025422 -0.026130 -0.025508 -0.155482   \n",
       "12006  0.073649  0.051923  0.034906 -0.089978 -0.090486  0.028746 -0.083715   \n",
       "12152  0.231471  0.009733  0.108474  0.002229  0.001003  0.069485 -0.040506   \n",
       "12169  0.246944 -0.013961  0.033175 -0.001870 -0.002495  0.052862 -0.065055   \n",
       "12172  0.248369 -0.017475  0.030554 -0.002861 -0.003483  0.050104 -0.067478   \n",
       "12277  0.023080  0.204328  0.424791  0.176207  0.172994  0.073573  0.115503   \n",
       "12976  0.057313  0.064608  0.033728  0.091915  0.091497 -0.027608 -0.088717   \n",
       "\n",
       "m_id      8901      10701     11002     11017     11993     12006     12152  \\\n",
       "m_id                                                                          \n",
       "3954  -0.031896 -0.072615  0.046835  0.054925 -0.110142  0.073649  0.231471   \n",
       "3959   0.002455  0.029560  0.297443  0.292643  0.059497  0.051923  0.009733   \n",
       "4058  -0.004358  0.102359  0.373456  0.338105  0.132226  0.034906  0.108474   \n",
       "4352   0.046093  0.014121  0.085307  0.087768 -0.025422 -0.089978  0.002229   \n",
       "4367   0.045219  0.013323  0.081230  0.084013 -0.026130 -0.090486  0.001003   \n",
       "6569   0.055338  0.001743  0.154915  0.155664 -0.025508  0.028746  0.069485   \n",
       "8876   0.250455  0.036856  0.140142  0.138226 -0.155482 -0.083715 -0.040506   \n",
       "8901   1.000000  0.007795  0.192566  0.191786 -0.113009 -0.146794  0.040087   \n",
       "10701  0.007795  1.000000  0.040250  0.037011 -0.049084  0.019345  0.018339   \n",
       "11002  0.192566  0.040250  1.000000  0.997784  0.046117  0.008294  0.099946   \n",
       "11017  0.191786  0.037011  0.997784  1.000000  0.038338  0.003489  0.093641   \n",
       "11993 -0.113009 -0.049084  0.046117  0.038338  1.000000 -0.014066 -0.010252   \n",
       "12006 -0.146794  0.019345  0.008294  0.003489 -0.014066  1.000000  0.033371   \n",
       "12152  0.040087  0.018339  0.099946  0.093641 -0.010252  0.033371  1.000000   \n",
       "12169  0.015077  0.013147  0.036988  0.035643 -0.016626  0.025551  0.989856   \n",
       "12172  0.012731  0.014959  0.034874  0.033506 -0.013241  0.033828  0.988042   \n",
       "12277  0.055218  0.019771  0.584295  0.574050  0.012842 -0.018070  0.102520   \n",
       "12976 -0.061368  0.052546  0.155201  0.158809 -0.011417  0.093953  0.030969   \n",
       "\n",
       "m_id      12169     12172     12277     12976  \n",
       "m_id                                           \n",
       "3954   0.246944  0.248369  0.023080  0.057313  \n",
       "3959  -0.013961 -0.017475  0.204328  0.064608  \n",
       "4058   0.033175  0.030554  0.424791  0.033728  \n",
       "4352  -0.001870 -0.002861  0.176207  0.091915  \n",
       "4367  -0.002495 -0.003483  0.172994  0.091497  \n",
       "6569   0.052862  0.050104  0.073573 -0.027608  \n",
       "8876  -0.065055 -0.067478  0.115503 -0.088717  \n",
       "8901   0.015077  0.012731  0.055218 -0.061368  \n",
       "10701  0.013147  0.014959  0.019771  0.052546  \n",
       "11002  0.036988  0.034874  0.584295  0.155201  \n",
       "11017  0.035643  0.033506  0.574050  0.158809  \n",
       "11993 -0.016626 -0.013241  0.012842 -0.011417  \n",
       "12006  0.025551  0.033828 -0.018070  0.093953  \n",
       "12152  0.989856  0.988042  0.102520  0.030969  \n",
       "12169  1.000000  0.998655  0.048705  0.028378  \n",
       "12172  0.998655  1.000000  0.043506  0.027827  \n",
       "12277  0.048705  0.043506  1.000000  0.156111  \n",
       "12976  0.028378  0.027827  0.156111  1.000000  "
      ]
     },
     "execution_count": 37,
     "metadata": {},
     "output_type": "execute_result"
    }
   ],
   "source": [
    "wide.corr()"
   ]
  },
  {
   "cell_type": "code",
   "execution_count": 41,
   "metadata": {},
   "outputs": [],
   "source": [
    "df['value'] = df.t_value\n",
    "pertest.util.df = df"
   ]
  },
  {
   "cell_type": "code",
   "execution_count": 44,
   "metadata": {},
   "outputs": [
    {
     "data": {
